# EGM96 fully normalized coefficients, degree 2-20 (GM 3.986004415e14 m^3/s^2, R 6378136.3 m)
# Source: egm96_to360.ascii (NASA GSFC / NIMA), as distributed with NASA GMAT (EGM96.cof)
# n m C S
2 0 -4.84165371736000E-04  0.00000000000000E+00
2 1 -1.86987635955000E-10  1.19528012031000E-09
2 2  2.43914352398000E-06 -1.40016683654000E-06
3 0  9.57254173792000E-07  0.00000000000000E+00
3 1  2.02998882184000E-06  2.48513158716000E-07
3 2  9.04627768605000E-07 -6.19025944205000E-07
3 3  7.21072657057000E-07  1.41435626958000E-06
4 0  5.39873863789000E-07  0.00000000000000E+00
4 1 -5.36321616971000E-07 -4.73440265853000E-07
4 2  3.50694105785000E-07  6.62671572540000E-07
4 3  9.90771803829000E-07 -2.00928369177000E-07
4 4 -1.88560802735000E-07  3.08853169333000E-07
5 0  6.85323475630000E-08  0.00000000000000E+00
5 1 -6.21012128528000E-08 -9.44226127525000E-08
5 2  6.52438297612000E-07 -3.23349612668000E-07
5 3 -4.51955406071000E-07 -2.14847190624000E-07
5 4 -2.95301647654000E-07  4.96658876769000E-08
5 5  1.74971983203000E-07 -6.69384278219000E-07
6 0 -1.49957994714000E-07  0.00000000000000E+00
6 1 -7.60879384947000E-08  2.62890545501000E-08
6 2  4.81732442832000E-08 -3.73728201347000E-07
6 3  5.71730990516000E-08  9.02694517163000E-09
6 4 -8.62142660109000E-08 -4.71408154267000E-07
6 5 -2.67133325490000E-07 -5.36488432483000E-07
6 6  9.67616121092000E-09 -2.37192006935000E-07
7 0  9.09789371450000E-08  0.00000000000000E+00
7 1  2.79872910488000E-07  9.54336911867000E-08
7 2  3.29743816488000E-07  9.30667596042000E-08
7 3  2.50398657706000E-07 -2.17198608738000E-07
7 4 -2.75114355257000E-07 -1.23800392323000E-07
7 5  1.93765507243000E-09  1.77377719872000E-08
7 6 -3.58856860645000E-07  1.51789817739000E-07
7 7  1.09185148045000E-09  2.44415707993000E-08
8 0  4.96711667324000E-08  0.00000000000000E+00
8 1  2.33422047893000E-08  5.90060493411000E-08
8 2  8.02978722615000E-08  6.54175425859000E-08
8 3 -1.91877757009000E-08 -8.63454445021000E-08
8 4 -2.44600105471000E-07  7.00233016934000E-08
8 5 -2.55352403037000E-08  8.91462164788000E-08
8 6 -6.57361610961000E-08  3.09238461807000E-07
8 7  6.72811580072000E-08  7.47440473633000E-08
8 8 -1.24092493016000E-07  1.20533165603000E-07
9 0  2.76714300853000E-08  0.00000000000000E+00
9 1  1.43387502749000E-07  2.16834947618000E-08
9 2  2.22288318564000E-08 -3.22196647116000E-08
9 3 -1.60811502143000E-07 -7.42287409462000E-08
9 4 -9.00179225336000E-09  1.94666779475000E-08
9 5 -1.66165092924000E-08 -5.41113191483000E-08
9 6  6.26941938248000E-08  2.22903525945000E-07
9 7 -1.18366323475000E-07 -9.65152667886000E-08
9 8  1.88436022794000E-07 -3.08566220421000E-09
9 9 -4.77475386132000E-08  9.66412847714000E-08
10 0  5.26222488569000E-08  0.00000000000000E+00
10 1  8.35115775652000E-08 -1.31314331796000E-07
10 2 -9.42413882081000E-08 -5.15791657390000E-08
10 3 -6.89895048176000E-09 -1.53768828694000E-07
10 4 -8.40764549716000E-08 -7.92806255331000E-08
10 5 -4.93395938185000E-08 -5.05370221897000E-08
10 6 -3.75885236598000E-08 -7.95667053872000E-08
10 7  8.11460540925000E-09 -3.36629641314000E-09
10 8  4.04927981694000E-08 -9.18705975922000E-08
10 9  1.25491334939000E-07 -3.76516222392000E-08
10 10  1.00538634409000E-07 -2.40148449520000E-08
11 0 -5.09613707522000E-08  0.00000000000000E+00
11 1  1.51687209933000E-08 -2.68604146166000E-08
11 2  1.86309749878000E-08 -9.90693862047000E-08
11 3 -3.09871239854000E-08 -1.48131804260000E-07
11 4 -3.89580205051000E-08 -6.36666511980000E-08
11 5  3.77848029452000E-08  4.94736238169000E-08
11 6 -1.18676592395000E-09  3.44769584593000E-08
11 7  4.11565188074000E-09 -8.98252808977000E-08
11 8 -5.98410841300000E-09  2.43989612237000E-08
11 9 -3.14231072723000E-08  4.17731829829000E-08
11 10 -5.21882681927000E-08 -1.83364561788000E-08
11 11  4.60344448746000E-08 -6.96662308185000E-08
12 0  3.77252636558000E-08  0.00000000000000E+00
12 1 -5.40654977836000E-08 -4.35675748979000E-08
12 2  1.42979642253000E-08  3.20975937619000E-08
12 3  3.93995876403000E-08  2.44264863505000E-08
12 4 -6.86908127934000E-08  4.15081109011000E-09
12 5  3.09411128730000E-08  7.82536279033000E-09
12 6  3.41523275208000E-09  3.91765484449000E-08
12 7 -1.86909958587000E-08  3.56131849382000E-08
12 8 -2.53769398865000E-08  1.69361024629000E-08
12 9  4.22880630662000E-08  2.52692598301000E-08
12 10 -6.17619654902000E-09  3.08375794212000E-08
12 11  1.12502994122000E-08 -6.37946501558000E-09
12 12 -2.49532607390000E-09 -1.11780601900000E-08
13 0  4.22982206413000E-08  0.00000000000000E+00
13 1 -5.13569699124000E-08  3.90510386685000E-08
13 2  5.59217667099000E-08 -6.27337565381000E-08
13 3 -2.19360927945000E-08  9.74829362237000E-08
13 4 -3.13762599666000E-09 -1.19627874492000E-08
13 5  5.90049394905000E-08  6.64975958036000E-08
13 6 -3.59038073075000E-08 -6.57280613686000E-09
13 7  2.53002147087000E-09 -6.21470822331000E-09
13 8 -9.83150822695000E-09 -1.04740222825000E-08
13 9  2.47325771791000E-08  4.52870369936000E-08
13 10  4.10324653930000E-08 -3.68121029480000E-08
13 11 -4.43869677399000E-08 -4.76507804288000E-09
13 12 -3.12622200222000E-08  8.78405809267000E-08
13 13 -6.12759553199000E-08  6.85261488594000E-08
14 0 -2.42786502921000E-08  0.00000000000000E+00
14 1 -1.86968616381000E-08  2.94747542249000E-08
14 2 -3.67789379502000E-08 -5.16779392055000E-09
14 3  3.58875097333000E-08  2.04618827833000E-08
14 4  1.83865617792000E-09 -2.26780613566000E-08
14 5  2.87344273542000E-08 -1.63882249728000E-08
14 6 -1.94810485574000E-08  2.47831272781000E-09
14 7  3.75003839415000E-08 -4.17291319429000E-09
14 8 -3.50946485865000E-08 -1.53515265203000E-08
14 9  3.20284939341000E-08  2.88804922064000E-08
14 10  3.90329180008000E-08 -1.44308452469000E-09
14 11  1.53970516502000E-08 -3.90548173245000E-08
14 12  8.40829163869000E-09 -3.11327189117000E-08
14 13  3.22147043964000E-08  4.51897224960000E-08
14 14 -5.18980794309000E-08 -4.81506636748000E-09
15 0  1.47910068708000E-09  0.00000000000000E+00
15 1  1.00817268177000E-08  1.09773066324000E-08
15 2 -2.13942673775000E-08 -3.08914875777000E-08
15 3  5.21392929041000E-08  1.72892926103000E-08
15 4 -4.08150084078000E-08  6.50174707794000E-09
15 5  1.24935723108000E-08  8.08375563996000E-09
15 6  3.31211643896000E-08 -3.68246004304000E-08
15 7  5.96210699259000E-08  5.31841171879000E-09
15 8 -3.22428691498000E-08  2.21523579587000E-08
15 9  1.28788268085000E-08  3.75629820829000E-08
15 10  1.04688722521000E-08  1.47222147015000E-08
15 11 -1.11675061934000E-09  1.80996198432000E-08
15 12 -3.23962134415000E-08  1.55243104746000E-08
15 13 -2.83933019117000E-08 -4.22066791103000E-09
15 14  5.19168859330000E-09 -2.43752739666000E-08
15 15 -1.90930538322000E-08 -4.71139421558000E-09
16 0 -3.15322986722000E-09  0.00000000000000E+00
16 1  2.58360856231000E-08  3.25447560859000E-08
16 2 -2.33671404512000E-08  2.88799363439000E-08
16 3 -3.36019429391000E-08 -2.20418988010000E-08
16 4  4.02316284314000E-08  4.83837716909000E-08
16 5 -1.29501939245000E-08 -3.19458578129000E-09
16 6  1.40239252323000E-08 -3.50760208303000E-08
16 7 -7.08412635136000E-09 -8.81581561131000E-09
16 8 -2.09018868094000E-08  5.00527390530000E-09
16 9 -2.18588720643000E-08 -3.95012419994000E-08
16 10 -1.17529900814000E-08  1.14211582961000E-08
16 11  1.87574042592000E-08 -3.03161919925000E-09
16 12  1.95400194038000E-08  6.66983574071000E-09
16 13  1.38196369576000E-08  1.02778499508000E-09
16 14 -1.93182168856000E-08 -3.86174893776000E-08
16 15 -1.45149060142000E-08 -3.27443078739000E-08
16 16 -3.79671710746000E-08  3.02155372655000E-09
17 0  1.97605066395000E-08  0.00000000000000E+00
17 1 -2.54177575118000E-08 -3.06630529689000E-08
17 2 -1.95988656721000E-08  6.49265893410000E-09
17 3  5.64123066224000E-09  6.78327095529000E-09
17 4  7.07457075637000E-09  2.49437600834000E-08
17 5 -1.54987006052000E-08  6.60021551851000E-09
17 6 -1.18194012847000E-08 -2.89770975177000E-08
17 7  2.42149702381000E-08 -4.22222973697000E-09
17 8  3.88442097559000E-08  3.58904095943000E-09
17 9  3.81356493231000E-09 -2.81466943714000E-08
17 10 -3.88216085542000E-09  1.81328176508000E-08
17 11 -1.57356600363000E-08  1.06560649404000E-08
17 12  2.88013010655000E-08  2.03450136084000E-08
17 13  1.65503425731000E-08  2.04667531435000E-08
17 14 -1.41983872649000E-08  1.14948025244000E-08
17 15  5.42100361657000E-09  5.32610369811000E-09
17 16 -3.01992205043000E-08  3.65331918531000E-09
17 17 -3.43086856041000E-08 -1.98523455381000E-08
18 0  5.08691038332000E-09  0.00000000000000E+00
18 1  7.21098449649000E-09 -3.88714473013000E-08
18 2  1.40631771205000E-08  1.00093396253000E-08
18 3 -5.07232520873000E-09 -4.90865931335000E-09
18 4  5.48759308217000E-08 -1.35267117720000E-09
18 5  5.48710485555000E-09  2.64338629459000E-08
18 6  1.46570755271000E-08 -1.36438019951000E-08
18 7  6.75812328417000E-09  6.88577494235000E-09
18 8  3.07619845144000E-08  4.17827734107000E-09
18 9 -1.88470601880000E-08  3.68302736953000E-08
18 10  5.27535358934000E-09 -4.66091535881000E-09
18 11 -7.29628518960000E-09  1.95215208020000E-09
18 12 -2.97449412422000E-08 -1.64497878395000E-08
18 13 -6.27919717152000E-09 -3.48383939938000E-08
18 14 -8.15605336410000E-09 -1.28636585027000E-08
18 15 -4.05003412879000E-08 -2.02684998021000E-08
18 16  1.04141042028000E-08  6.61468817624000E-09
18 17  3.58771586841000E-09  4.48065587564000E-09
18 18  3.12351953717000E-09 -1.09906032543000E-08
19 0 -3.25780965394000E-09  0.00000000000000E+00
19 1 -7.59903885319000E-09  1.26835472605000E-09
19 2  3.53541528655000E-08 -1.31346303514000E-09
19 3 -9.74103607309000E-09  1.50662259043000E-09
19 4  1.57039009057000E-08 -7.61677383811000E-09
19 5  1.09629213379000E-08  2.83172176438000E-08
19 6 -4.08745178658000E-09  1.86219430719000E-08
19 7  4.78275337044000E-09 -7.17283455900000E-09
19 8  2.94908364280000E-08 -9.93037002883000E-09
19 9  3.07961427159000E-09  6.94110477214000E-09
19 10 -3.38415069043000E-08 -7.37981767136000E-09
19 11  1.60443652916000E-08  9.96673453483000E-09
19 12 -2.47106581581000E-09  9.16852310642000E-09
19 13 -7.44717379980000E-09 -2.82584466742000E-08
19 14 -4.70502589215000E-09 -1.29526697983000E-08
19 15 -1.76580549771000E-08 -1.40350990039000E-08
19 16 -2.16950096188000E-08 -7.24534721567000E-09
19 17  2.90444936079000E-08 -1.53456531070000E-08
19 18  3.48382199593000E-08 -9.54146344917000E-09
19 19 -2.57349349430000E-09  4.83151822363000E-09
20 0  2.22384610651000E-08  0.00000000000000E+00
20 1  5.16303125218000E-09  6.69626726966000E-09
20 2  1.98831128238000E-08  1.75183843257000E-08
20 3 -3.62601436785000E-09  3.79590724141000E-08
20 4  2.42238118652000E-09 -2.11057611874000E-08
20 5 -1.07042562564000E-08 -7.71860083169000E-09
20 6  1.10474837570000E-08 -2.17720365898000E-09
20 7 -2.10090282728000E-08 -2.23491503969000E-11
20 8  4.42419185637000E-09  1.83035804593000E-09
20 9  1.78846216942000E-08 -6.63940865358000E-09
20 10 -3.25394919988000E-08 -5.12308873621000E-09
20 11  1.38992707697000E-08 -1.87706454942000E-08
20 12 -6.35750600750000E-09  1.80260853103000E-08
20 13  2.75222725997000E-08  6.90887077588000E-09
20 14  1.15841169405000E-08 -1.43176160143000E-08
20 15 -2.60130744291000E-08 -7.84379672413000E-10
20 16 -1.24137147118000E-08 -2.77500443628000E-10
20 17  4.36909667960000E-09 -1.37420446198000E-08
20 18  1.51842883022000E-08 -8.08429903142000E-10
20 19 -3.14942002852000E-09  1.06505202245000E-08
20 20  4.01448327968000E-09 -1.20450644785000E-08
